1111111111111111111111111111111111111111111111111111111111111111111111111111111111111111111111111111
1900000000000000000000000000000000000000000000000000000000000000000000000000000000000000000000000001
1900000000000000000000000000000000000000000000000000000000000000000000000000000000000000000000000001
1111111111111111111111111111111111111111111111111111111111111111111000111111111111111111111111111111
1111111111111111111111111111111111111111111111111111111111111111111000111111111111111111111111111111
1000000000000000000000000000000000000000000000000000000000000000000000000000000000000000000000000001
1000000000000000000000000000000000000000000000000000000000000000000000000000000000000000000000000001
1111111111111111111111100011111111111111111111111111111111111111111111111111111111111111111111111111
1000000000000000000000000000000000000000000000000000000000000000000000000000000000000000000000000001
1000000000000000000000000000000000000000000000000000000000000000000000000000000000000000000000000001
1000000000000000000000000000000000000000000000000000000000000000000000000000000000000000000000000001
1000000000000000000000000000000000000000000000000000000011000000000000000000000000000000000000000001
1000000000000000000000000000000000000000000000000000000000000000000000000000000000000000000000000001
1000000100000100111111100100000100000000000001000100010011001000000100000101010000000000000000000001
1000000010001000100000100100000100000000000001000100010011001100000100000101010000000000000000000001
1000000001010000100000100100000100000000000001000100010011001010000100000101010000000000000000000001
1000000000100000100000100100000100000000000001000100010011001001000100000101010000000000000000000001
1000000000100000100000100100000100000000000001000100010011001000100100000101010000000000000000000001
1000000000100000100000100100000100000000000001000100010011001000010100000000000000000000000000000001
1000000000100000111111100111111100000000000001111111110011001000001100000101010000000000000000000001
1000000000000000000000000000000000000000000000000000000000000000000000000000000000000000000000000001
1000000011111111111111111111111111111111111111111111111111111111111111111111110000000000000000000001
1000000000000000000000000000000000000000000000000000000000000000000000000000000000000000000000000001
1000000000000000000000000000000000000000000000000000000000000000000000000000000000000000000000000001
1000000000000000000000000000000000000001111111111111000000000000000000000000000000000000000000000001
1000000000000000000000000000000000000000000000000000000000000000000000000000000000000000000000000001
1000000000000000000000000000000000000000000000000000000000000000000000000000000000000000000000000001
1000000000000000000000000000000000000000000000000000000000000000000000000000000000000000000000000001
1000000000000000000000000000000000000000000000000000000000000000000000000000000000000000000000000001
1000000000000000000000000000000000000000000000000000000000000000000000000000000000000000000000000001
1000000000000000000000000000000000000000000000000000000000000000000000000000000000000000000000000001
1000000000000000000000000000000000000000000000000000000000000000000000000000000000000000000000000001
1000000000000000000000000000000000000000000000000000000000000000000000000000000000000000000000000001
1000000000000000000000000111000011100000000000000000000000000000000000000000000000000000000000000001
1000000000000000000000011000000000001100000000000000000000000000000000000000000000000000000000000001
1000000000000000000001100000000000000011000000000000000000000000000000000000000000000000000000000001
1000000000000000000010000001000001000000100000000000000000000000000000000000000000000000000000000001
1000000000000000000100000000000000000000010000000000000000000000000000000000000000000000000000000001
1000000000000000001000000000001000000000001000000000000000000000000000000000000000000000000000001001
1000000000000000000100000000000000000000010000000000000000000000000000000000000000000000000000000001
1000000000000000000010000001000001000000100000000000000000000000000000000000000000000000000000002001
1000000000000000000001100000111110000011000000000000000000000000000000000000000000000000000000000001
1000000000000000000000011000000000001100000000000000000000000000000000000000000000000000000000003001
1000000000000000000000000111000001110000000000000000000000000000000000000000000000000000000000000001
1000000000000000000000000000111110000000000000000000000000000000000000000000000000000000000000004001
1000000000000000000000000000000000000000000000000000000000000000000000000000000000000000000000000001
1000000000000000000000000000000000000000000000000000000000000000000000000000000000000000000000005001
1000000000000000000000000000000000000000000000000000000000000000000000000000000000000000000000000001
1111111111111111111111111111111111111111111111111111111111111110000111111111111111111111111111111111
1000000000000000000000000000000000000000000000000000000000000010000100000000000000000000000000000001
1000000000000000000000000000000000000000000000000000000000000010000100000000000000000000000000000001
1111111111111111111111111111111000000000000000000000000000000000000000000000000000000000000000000001
1000000000000000000000000000001000000000000000000000000000000000000000000000000000000000000000000001
1000000000000000000000000000001000000000000000000000000000000010000111111111111111111111111110000001
1000001111111000011111111111111000000000000000000000000000000010000100000000000000000000000010000001
1000001000001000000000000000001000000000000000000000000000000010000100000000000000000000000010000001
1000001000001000000000000000001000000000000000001100000000000010000100000000100000000100000010000001
1000001000001000000000000000001000000000000000001100000000000010000100000000000011000000000010000001
1000001000001000000000000000001000000000000000011110000000000010000100000000000011000000000010000001
1000001000001000000000000000001000000000000000011110000000000010000100000000100000000100000010000001
1000001000001000000000000000001000000000000000111111000000000010000100000000000000000000000010000001
1000001000001111111111111100001000000000000000111111000000000010000100001111111111111111111110000001
1000001000000000000000000000001000000000000001111111100000000010000100001000000000000000000000000001
1000001000000000000000000000001000000000000001111111100000000010000100001000000000000000000000000001
1000001000100010000011110000001000000000000011111111110000000010000100001000000000000000000000000001
1000001000100100000011110000001000000000000000001100000000000010000100000000000000000000000000000001
1000001000101000000011110000001000000000000000001100000000000010000100000000000000000000000000000001
1000001000110000000011110000001000000000000000001100000000000010000100001111111111111111111111000001
1000001000101000000011110000001000000000000000001100000000000010000100000000000000000000000001000001
1000001000100100000011110000001000000000000000001100000000000010000100000000000000000000000001000001
1000001000100010000011110000001000000000000000001100000000000010000100000001111111111111111111000001
1000001000000000000000000000001000000000000000001100000000000010000100001111000000000000000000000001
1000001111111111111111111111111000000000000000000000000000000010000100000000000000000000000000000001
1000000000000000000000000000000000000000000000000000000000000010000100000000000000000000011111111111
1000000000000000000000000000000000011111111111111111111111111110000111111111111111111111110000000001
1111111111111111111111111111111111110000000000000000000000000010000100000000000000000000000000000001
1000000000000000000000000000000000000000000000000000000000000010000100000000000000000000000001000011
1000000000000000000000000000000000000001111111111111111111111110000111111111111111111111111111000011
1111111111111111111111111111111111111111000000000001000000000000000000000000000000000000000000000001
1000000000000000000000000000000000000001000000000001000000000000000000000000000000000000000000000001
1000000000000000000000000000000000000001000000100001000010000111111111111111111111111111111111111111
1000011111111111111111111111111111000001000000100001000010000000000000000000000000000000000000000001
1000000000000000000000000000000001000001000000100001000010000000000000000000000000000000000000000001
1000000000000000000000000000000001000001000000100001000011111111111111111111111111111111111111110001
1111111111111111111111111111111111000001111111100001111110000000000000000000000000000000000000000001
1000000000000000000000000000000000000000000000000000000000000000000000000000000000000000000000000001
1000000000000000000000000000000000000000000000000000000000000111111111111000000111111111111111111111
1000111111111111111111111111111111111111111111111111111111111100000000001000000100000000000000000001
1000000000000000000000000000000000000000000000000000000000000100000000001000000100000000000000000001
1000000000000000000000000000000000000000000000000000000000000100000100001000000100000001111111110001
1111111111111111111111111111111111111111111111111111111100000100000100001000000100000001000000000001
1000000000000000010000000000000000000000000000000000000100000100000100001000000100000001000000000001
1000000000000000010000000000000000000000000000000000000100000100000100001000000100000001111111111111
1000111111111100010000111111111111111111111111100011000111111100000100001000000100000001000000000001
1000000000000000000000000000000000000000000000100011000000000000000000000000000000000000000000000001
1000000000000000000000000000000000000000000000100011000000000000000000000000000000000000000000110001
1000111111111111111111111111111111111111111111100011111111111111111111111111111111111111111111110001
1000000000000000000000000000000000000000000000000000000000000000000000000000000000000000000000000001
1000000000000000000000000000000000000000000000000000000000000000000000000000000000000000000000000001
1111111111111111111111111111111111111111111111111111111111111111111111111111111111111111111111111111
