11111111111111111111111111111111111111111111111111
19000010000000010000000000000000000000000000000001
19000010000000010000000000000000000000000000000001
11110010001000010000000100010000000010000000100001
10000010001000010000000100010000000000000000000001
10000000001000011111111100011111000000000000100001
11111111111000000000000000000001000000000000000001
10000000001000000000000000000001111111000111111111
10000000001000010000000000000001000000000000000001
10000000001000010000000000000001000000000000000001
11001111111111111111111111111111000000001100000001
10001000000000000000000000000001000000001100000001
10001000000000000000000000000001000000000000000001
10001000000000000000000000000000000000000000000001
10001000000000000000000000000000000000000000000001
10001000010000000111111111111111111111111111111111
10001000010000000100000000000000000000000000000001
10001000010000000100000000000000000000000000000001
10001000010000000100011111111111111111111100000001
10001111110000000100010000000000000000000100000001
10000000000000000100010000000000000000000100000001
10000000000000000100010000011111111100000100000001
10000000000000000100010000000000000100000100000001
10000000000000000100011111000000000100000100000001
10000000000000000100000001000000000100000100000001
10000000000000000100000001111111111100000100000001
10000000000000000100000000000000000000000100000001
10000000000000000100000000000000000000000100000001
10000000000000000111111111111111111111111100000001
10000000000000000000000000000000000000000100000001
10000000000000000000000000000000000000000100000001
10000000000000000000000000000000000000000000000001
10000000000000000000000000000000000000000000000001
11111111111000000000000000111111111111111111111111
10000000001000000000000000100000100000000000000001
10000000001000000000000000100000100000000000000001
10000000001000000000000000100000000000000000000001
10000000001111110000000000100000000000000000000001
10000000000000010000000000111111111111110000111111
10000000000000000000000000000000000000010000000001
10000000000000000000000000000000000000010000000001
10001110011100011111111000000000000000011111000001
10001000000100000000001111111100000000000000000001
10001000000100000000001000000000000000000000000001
10001000000100010000001000000000000000000000000001
10001000000100010000001000000000000000000000000001
10001111111100011111111000000000000000000000000001
10000000000000000000000000000000000000000000000001
10000000000000000000000000000000000000000000000001
11111111111111111111111111111111111111111111111111
