1111111111333333333333333333333333333333333333333333333333333333333333333333333333333333333333333
39000000003000000000000000000000000000000000000000000000000000000000000000000000000000000000000003
39000000003000000000000000000000000000000000000030000003000000300000000000000000000000000000000003
10000000003000000300000000000000000000000000000000000000000000000000000000000000000000000000000003
11111113003000000300000000000000000000000000000000000000000000000000000000000000000000000000000003
       3000000000333333333333333333333333333333333333333333333333333333333333333333333333333333003
       30000000003                                                                   3000000000003
33333333333333333333333333333333333333333333333333333333333333333333                 3000000000003
30000000000000000000000000000000000000000000000000000000000000000003333333333333333333000003333333
30000000000000000000000000000000000000000000000000000000000000000003000000000000000000000003
30003333333333333333333333333333333333333333333333333333333333330003000000000000000000000003
30003               3333333333333333333333                     30003000333333333333333330003
30003              300000000000000000000003     333333333333   30003000300000000000000030003
30003333333333333330000000000000000000000003    300000000003   30003000300000000000000030003
300000000000000000000000000000000000000000003   300000000003   30003000300033333333333330003
3000000000000000000000000000000000000000000003   33333300003   30003000300000000000000000003
33333333333333330000000000000000000000000000003       300003   30003000300000000000000000003
              3000000000000000000000000000000003      30000333330003000333333333333333333333
             300000000000000000000000000000000003     300000000000030003
            30000000000000000000000000000000000003    300000000000030000000000000000000003
           3000000000000000000000000000000000000003   333333333330030000000000000000000003
          300000000000000000003300000000000000000003            30033333333333333333330003
         30000000000000000000033000000000000000000003           3003                 30003
        3000000000000000000000000000000000000000000003          30033333333333        30003
         30000000000000000000000000000000000000000003          300030000000003         30003
          30000000000000000000000000000000000000000333333333333300030000000003         30003
           3000000000000000000000000000000000000000000000000000000030003333333         30003
            300000000000000000000000000000000000000000000000000000030000000003         30003
             30000000000000000000000000000000000333333333333333333330000000003         30003
              3000000000000000000000000000000003                   33333333003         30003
               30000000000000000000000000000003                           3003         30003
                300000000000000000000000000003                            3003         30003
                 300000000000000000000000000333333333333333333333333333333300333333333330003
                 300000000000000000000000000000000000000000000000000000000000000000000000003
                 300000000000000000000000000000000000000000000000000000000000000000000000003
                 300000000000000000333333333333333333333333333333333333333333333333333333333
     333333333333300000000000033333
     3000000000000000000333333
     3000000000000000033
     30000333333333333
     30003
     30003
     30003
     30003
3333330003
3000000003
30000000003
300000000003
3000000000003
3333333333333
